1.0 0.0 0.5 0.0 0.5 
-0.125 -0.65625 0.0078125 0.21533203125 0.22314453125 
-0.96875 0.1640625 0.46923828125 0.013458251953125 0.482696533203125 
0.3671875 0.615234375 0.067413330078125 0.1892566680908203 0.2566699981689453 
0.876953125 -0.31787109375 0.3845233917236328 0.050521016120910645 0.43504440784454346 
-0.58642578125 -0.5357666015625 0.17194759845733643 0.1435229256749153 0.31547052413225174 
-0.7303466796875 0.451812744140625 0.26670313626527786 0.10206737788394094 0.3687705141492188 
0.769012451171875 0.42281341552734375 0.2956900750286877 0.08938559217494912 0.38507566720363684 
0.5380935668945312 -0.5575160980224609 0.1447723433666397 0.15541209977709514 0.3001844431437348 
-0.9035358428955078 -0.2834343910217285 0.4081885096984479 0.04016752700692905 0.44835603670537694 
-0.3122096061706543 0.6283746957778931 0.04873741909261753 0.19742737914697983 0.24616479823959736 
0.9815882444381714 0.12634071707725525 0.48175774080960565 0.007980988395797528 0.4897387292054032 
0.06681254506111145 -0.6599598750472069 0.002231958088771524 0.21777351833616246 0.22000547642493398 
-0.9982913807034492 0.03864925168454647 0.4982928403933995 0.0007468823278877091 0.4990397227212872 
0.18276030011475086 0.6502975621260703 0.0167006636490169 0.2114434596535551 0.228144123302572 
0.9526013056747615 -0.20122364221606404 0.45372462378663025 0.020245477093349274 0.47397010087997954 
-0.42091062653344125 -0.5999916515720543 0.08858287776438703 0.17999499097808067 0.2685778687424677 
-0.8473736490414012 0.3512215551090776 0.3590210505448699 0.061678290386619414 0.4206993409314893 
0.6327540387937916 0.5121862627947849 0.20018883680492752 0.13116738389784421 0.3313562207027717 
0.6891851393429533 -0.4792681208077738 0.237488078145583 0.11484896581130744 0.35233704395689047 
-0.8050503236295299 -0.3923692325928414 0.3240530117880054 0.07697680734274763 0.40102981913075303 
-0.48792255843557086 0.5773604289559842 0.11903421151515653 0.16667253246211902 0.2857067439772756 
0.9270309632384226 0.24802912535384536 0.42969320340137884 0.030759223511896767 0.4604524269132756 
0.2561648176259652 -0.6393677102944455 0.03281020689467201 0.204395534483581 0.237205741378253 
-0.9910721676449139 -0.08818719778023398 0.49111202074019417 0.0038884909261650527 0.4950005116663592 
-0.008396775714736737 0.661414509739504 3.525292120179632e-5 0.21873457684697423 0.21876982976817602 
0.993171361573598 -0.07716642965464193 0.49319467672497724 0.002977328932822401 0.4961720056577996 
-0.23989606467866276 -0.6421229023258433 0.028775060924154574 0.20616091084568228 0.23493597176983685 
-0.9331973454039322 0.2376971552361029 0.43542864273447296 0.028249968803668 0.46367861153814094 
0.47319540102964597 0.5826986135168176 0.11195694377780374 0.1697688370972108 0.28172578087501454 
0.8148984951465207 -0.3833718086153074 0.332029778696032 0.07348697182048594 0.4055167505165179 
-0.6769200248162762 -0.48685566136299074 0.229110359998634 0.11851421750059755 0.34762457749923154 
-0.6456684889424515 0.5050857239560551 0.20844389880661435 0.12755579427210614 0.33599969307872046 
0.838337147051889 0.360584230373977 0.3514045860635503 0.06501049359719667 0.416415079660747 
0.4360842021794794 -0.5952317815495493 0.09508471569525653 0.17715043688332516 0.27223515257858166 
-0.9473581975967588 -0.21177628498658974 0.4487437772768897 0.022424597441360637 0.47116837471825035 
-0.1992446527802898 0.6481758527961967 0.019849215830769124 0.21006596807403843 0.22991518390480756 
0.9971693607918313 0.04973232178754072 0.4971733670509947 0.001236651915189749 0.4984100189661844 
-0.05004768741766763 -0.660608933243082 0.0012523855079282834 0.21820208134028138 0.21945446684820966 
-0.9846574389374146 0.11541991152322961 0.48477513602739425 0.006660877988015076 0.4914360140154093 
0.2962120471520212 0.6317539553622746 0.04387078843899562 0.19955653005793944 0.24342731849693505 
0.9106044271494093 -0.2733584003637982 0.4146002113720519 0.0373624075247273 0.4519626188967792 
-0.5238631539393733 -0.5634143552713251 0.13721630202765378 0.15871786786290148 0.29593416989055527 
-0.779638638664566 0.4142119891816294 0.3039182034493688 0.08578578599090113 0.38970398944026996 
0.7187728136055149 0.45986135797591765 0.25831717878919414 0.10573623427972755 0.3640534130689217 
0.5999454352631871 -0.5291773286756088 0.1799672626465675 0.14001432259212668 0.3199815852386942 
-0.8687591724213116 -0.32756702580701547 0.3773712498330811 0.05365007819802697 0.4310213280311081 
-0.3827556421578593 0.6110690851273627 0.07325094080183761 0.186702713399196 0.2599536542010336 
0.9644480829607764 0.17479975452517482 0.46508005236335836 0.015277477091030688 0.48035752945438903 
0.14164362141766518 -0.6547690237586564 0.010031457744155429 0.21436123723693198 0.2243926949810874 
-0.9998589883151928 -0.011107498585510744 0.4998589982573404 6.168826241356159e-5 0.49992068651975397 
0.10832112566113283 0.6575458984050342 0.0058667331322474646 0.21618330425464177 0.22205003738688925 
0.9727787068999096 -0.1532789760157477 0.47314920629893015 0.011747222244218078 0.48489642854314824 
-0.35151580238611024 -0.6192261544010973 0.06178167966357545 0.1917205151471858 0.25350219481076125 
-0.8848997563033821 0.308085514616022 0.39152378935289256 0.04745834215810956 0.4389821315110021 
0.5727407414619557 0.5422047757470918 0.16401597846519542 0.14699300942147706 0.31100898788667247 
0.7417145709378933 -0.4436367085527949 0.2750702523707916 0.09840676458777875 0.37347701695857033 
-0.7581693841964291 -0.431295598608893 0.28741040756639624 0.09300794668970166 0.38041835425609793 
-0.5521722248887858 0.5514606082050182 0.15244708296931592 0.15205440120092428 0.3045014841702402 
0.8962124404186255 0.2934304465576384 0.40159836918055414 0.04305071348350754 0.44464908266406167 
0.32811911478412936 -0.6248182198444278 0.05383107674336033 0.19519890392477982 0.24902998066814014 
-0.9782422191146578 -0.13722589159653142 0.4784789196291851 0.009415472662231496 0.48789439229141657 
-0.08355856000546491 0.6591246927435606 0.00349101647509344 0.21722268029214656 0.22071369676724 
0.9991318591160239 -0.027555281589358716 0.4991322359503211 0.0003796467717344257 0.4995118827220555 
-0.16622440477354106 -0.6522358723462208 0.01381527637115901 0.21270581658761784 0.22652109295877684 
-0.9575757579226386 0.1906142496759139 0.4584756660805579 0.01816689608975582 0.4766425621703137 
0.4056183442542006 0.6045823099272424 0.0822631205977596 0.18275988473848007 0.2650230053362397 
0.8561711718590885 -0.34175982715772446 0.36651453776128246 0.058399889729438846 0.4249144274907213 
-0.6196611372189729 -0.5191423531378112 0.19198996248975536 0.13475439141073195 0.3267443539004873 
-0.7012558875543452 0.4715454154421773 0.24587990991481623 0.1111775394122678 0.35705744932708405 
0.7949751091075591 0.40125599927726685 0.3159927120502877 0.08050318847799899 0.3964959005282867 
0.5025121102774553 -0.571859415261494 0.1262592104877507 0.1635115954116089 0.2897708058993596 
-0.9206031366769228 -0.25829114546189336 0.42375506762969456 0.033357157912008474 0.45711222554170305 
-0.2723613261082247 0.6364322016269672 0.03709034597971537 0.20252297363387434 0.2396133196135897 
0.988693468203979 0.09918309505515155 0.4887573870346062 0.004918643172359614 0.4936760302069658 
0.025187959057230036 -0.6612279753907552 0.00031721664073434833 0.21861121771967856 0.2189284343604129 
-0.9949904579682866 0.06612389879253722 0.4950030057239703 0.0021861849957628523 0.49718919071973317 
0.2235596554348417 0.6446970006926209 0.02498945976907257 0.20781711135103062 0.2328065711201032 
0.9391005441095762 -0.22729814896569245 0.44095491597345104 0.025832224261615057 0.4667871402350661 
-0.45833479146223566 -0.5878724634511978 0.10503539053236552 0.17279701664208996 0.27783240717445545 
-0.8245168462440172 0.3742662648284919 0.33991401487009015 0.07003761849433542 0.4099516333644256 
0.6644640030232399 0.4943058972440749 0.2207562056568341 0.12216916002513498 0.3429253656819691 
0.6584008454882074 -0.4978427391395106 0.2167458366697932 0.1239236964569654 0.3406695331267586 
-0.8290642143952919 -0.3698452124591973 0.34367373579544125 0.0683927405894944 0.41206647638493565 
-0.45113479188938455 0.59030404225431 0.10176130022653915 0.1742294311508891 0.27599073137742824 
0.9418479123676381 0.22226920189561983 0.44353874501563906 0.024701799055657905 0.46824054407129695 
0.21567281379747494 -0.645871342728215 0.023257381305660147 0.2085748956787737 0.23183227698443384 
-0.9957661158170069 -0.06080136621356602 0.49577507870464443 0.001848403066718084 0.4976234817713625 
0.033268715156776874 0.6610716842816066 0.0005534037040913776 0.21850788587946005 0.21906128958355142 
0.9874489370278128 -0.10446655485683565 0.4875277016186787 0.005456630541828125 0.4929843321605068 
-0.28013094941373007 -0.6349550455673977 0.0392366744097189 0.20158395494574805 0.24082062935546694 
-0.9174161996743803 0.26320531624868504 0.42082624171249117 0.03463851925078515 0.4554647609632763 
0.509484999332325 0.5691537165052264 0.12978748227232964 0.16196797650585582 0.29175545877818543 
0.7900449498412989 -0.4054937453749916 0.3120855113848703 0.08221258876911927 0.3942981001539896 
-0.7069962367926497 -0.46778028016147855 0.24992183941948418 0.10940919525397567 0.35933103467345984 
-0.6132958906431366 0.5224388154153612 0.1880659247398791 0.13647115792630293 0.32453708266618203 
0.8603202094534338 0.33717057630763836 0.3700754313970001 0.05684199876381249 0.4269174301608126 
0.39821583827977836 -0.6067314594922707 0.0792879269284333 0.18406153196881045 0.26334945889724376 
-0.9598741690233782 -0.18548771143457077 0.4606792101791604 0.017202845546617298 0.4778820557257777 
-0.15824729602393384 0.6531033873509133 0.012521103349443273 0.21327201728461856 0.22579312063406184 
0.9994359930293617 0.022211864596842545 0.49943615208129316 0.0002466834644342336 0.4996828355457274 
