1.0 0.0 0.5 0.0 0.5 
0.595 -0.71775 0.1770125 0.25758253125 0.43459503125 
-0.29195000000000004 -0.8541225 0.04261740125000001 0.364762622503125 0.40738002375312504 
-0.9424205 -0.29865577499999996 0.444078199410125 0.0445976359704253 0.4886758353805503 
-0.8295303949999999 0.49872212775 0.34406033811442793 0.12436188035374367 0.4684222184681716 
-0.04472067004999991 0.8921351070225 0.0009999691648604795 0.39795252459102376 0.39895249375588426 
0.7763127976405001 0.562918649606775 0.30133077989021 0.15843870303755753 0.45976948292776754 
0.9685328992421951 -0.22226191399043788 0.469027988457246 0.024700179205346402 0.4937281676625924 
0.37624135245771195 -0.8274103272553961 0.07077877764960412 0.34230392482444083 0.41308270247404494 
-0.520805689817518 -0.7623563754434834 0.13561928327315037 0.29059362158966273 0.4262129048628131 
-0.9960001233405583 -0.07979375952234913 0.4960081228472037 0.003183522029355241 0.4991916448765589 
-0.6644344569577464 0.667401801611888 0.22073657379636766 0.22271258239739697 0.4434491561937646 
0.20532311956084015 0.8740019034404958 0.02107879171309753 0.3819396636088048 0.40301845532190234 
0.908768969235146 0.372660463482302 0.4129305197223549 0.06943791052142206 0.48236843024377696 
0.8761119538289837 -0.4305359518965564 0.3837860778210196 0.09268060293773697 0.47646668075875653 
0.13380425582134448 -0.8849982462392041 0.008951789437951899 0.3916109479232335 0.40056273736118536 
-0.7168848894015837 -0.6226119611280965 0.2569619723261604 0.19382282706988715 0.45078479939604754 
-0.9868972742092291 0.14409001249676934 0.4869831149208032 0.010380965850659571 0.49736408077146277 
-0.45752286690739885 0.794079075999252 0.1046635868715827 0.3152807894699129 0.4199443763414956 
0.4424450625894245 0.8008640879423404 0.09787881670487988 0.3206916436778584 0.41857046038273826 
0.984032491388814 0.15894918865213314 0.4841599720544381 0.012632422286585706 0.49679239434102385 
0.7285536021632641 -0.611714553446302 0.2653951756125339 0.18709734744900433 0.4524925230615382 
-0.11705370481452959 -0.8868895072532326 0.006850784905403514 0.39328649903794083 0.40013728394334436 
-0.8678475108925545 -0.44368396018504475 0.3765796510812013 0.09842772826274218 0.47500737934394344 
-0.9156848331476102 0.3589055946330294 0.41923935682828334 0.06440661292944422 0.48364596975772756 
-0.2218174405531016 0.8707816177983497 0.024601488466764382 0.3791303129477556 0.40373180141452003 
0.6517220788894194 0.6773245305470068 0.21237083405597326 0.2293842598403616 0.4417550938963348 
0.9973667144315106 -0.06476542644741168 0.4973701815279532 0.002097280231457546 0.49946746175941076 
0.5351443112840781 -0.7543953880194267 0.14318971694985516 0.2845562007324907 0.4277459176823459 
-0.3605449840034577 -0.832965085295706 0.06499634274502678 0.3469154166608414 0.4119117594058682 
-0.9641928422481928 -0.2368330634824633 0.4648339185213242 0.028044949979244248 0.49287886850056845 
-0.7868444982718916 0.5511337397515748 0.30956213223037243 0.15187419954627826 0.46143633177665067 
0.02784788930464177 0.8926822137868371 0.00038775246936179075 0.3984407674056842 0.398828519875046 
0.8199834865444152 0.5111580946547614 0.33618645910276757 0.130641298865543 0.46682775796831055 
0.9479324596832123 -0.284404081147671 0.44928797406053245 0.04044284068672552 0.489730814747258 
0.3080561404786074 -0.8495989512204898 0.04744929284328775 0.3609091889574781 0.40835848180076584 
-0.5813456525136693 -0.7266186708047119 0.16898138384827197 0.26398734638100313 0.43296873022927507 
-0.9998574669698739 -0.015077267037117426 0.49985747712770623 0.00011366199065427383 0.4999711391183605 
-0.6084847331804806 0.7086767230305422 0.18512683525686033 0.2511113488826539 0.4362381841395142 
0.27576063448510213 0.8584025674434625 0.03802196376581305 0.36842748389676416 0.40644944766257723 
0.936639888217752 0.31282233222717815 0.4386471401002815 0.04892890577002551 0.487576045870307 
0.8388408324940227 -0.48614399209312054 0.35182697112963257 0.11816799052411803 0.4699949616537506 
0.06158070245013503 -0.8913336828179915 0.0018960914571260331 0.39723786706294195 0.399133958520068 
-0.765559796578362 -0.5745430904602893 0.2930409010685515 0.16504988139783008 0.4580907824663816 
-0.9725968603783858 0.20762740517024725 0.4729723264089466 0.021554569688865006 0.4945268960978116 
-0.39183046727191706 0.8216197026128835 0.07676555754126443 0.3375294678608416 0.41429502540210605 
0.5063186043248046 0.7701000409390841 0.128179264542709 0.29652703652718954 0.42470630106989854 
0.9943496064184344 0.09479934610462654 0.49436556989224767 0.004493458010932385 0.49885902790318004 
0.6769574273131324 -0.6572888190745785 0.22913567919720743 0.216014295840227 0.4451499750374344 
-0.18877026791580698 -0.876973040803375 0.017817107024502774 0.38454085714795905 0.40235796417246183 
-0.9015940461329427 -0.3863090994814377 0.4064359120111854 0.07461736017107967 0.48105327218226507 
-0.8841266469823948 0.41726521242046416 0.39083996395216614 0.08705512874814754 0.47789509270031366 
-0.15051666377610717 0.8828547022617901 0.011327633037144846 0.389716212652877 0.4010438456900218 
0.7050118170888273 0.633331883271066 0.24852083111744505 0.20055463718383762 0.44907546830128264 
0.9894807261118117 -0.12918976116922154 0.48953605367337905 0.008344997195480252 0.4978810508688593 
0.47247024698422857 -0.7870676990624397 0.11161406714266897 0.30973778145372155 0.4213518485963905 
-0.4272411322005797 -0.8074208007150816 0.0912674925220166 0.32596417471369177 0.41723166723570837 
-0.9808871943029184 -0.17376305378850743 0.4810698439737256 0.015096799430953862 0.4961666434046795 
-0.7400146290198931 0.6006427667067578 0.27381082558172504 0.1803858665985743 0.45419669218029934 
0.10026978576924561 0.8885279461695491 0.005027014969105205 0.39474095556213856 0.39976797053124374 
0.8593356740852953 0.45670548923500565 0.3692289003778145 0.10428995194869294 0.4735188523265074 
0.9223396663922558 -0.3450484139798924 0.4253552301002889 0.0595292039950196 0.4848844340953085 
0.23824852892148907 -0.8673131018710776 0.028381180766626806 0.3761160083386151 0.4044971891052419 
-0.6388239169756839 -0.6870541772466898 0.2040479984500777 0.23602172123606294 0.4400697196861406 
-0.9984489901225527 0.04971863094751666 0.49845019293837267 0.0012359711316476808 0.49968616407002037 
-0.5493303812701539 0.7462193480742346 0.1508819338932063 0.27842165772016786 0.42930359161337417 
0.3447458364110696 0.8382823932608225 0.05942484586138398 0.35135868542554616 0.4107835312869301 
0.9595779265993267 0.25133669990614416 0.46039489860833144 0.031585068359855584 0.491979966968187 
0.7971518962421291 -0.539191720372511 0.3177255728412111 0.145363855659134 0.4630894285003451 
-0.010967170071193078 -0.8929748471494322 6.013940968523659e-5 0.39870203882077593 0.3987621782304612 
-0.8102028286268489 -0.5234483477353133 0.32821431175747356 0.13699908637341476 0.46521339813088836 
-0.9531741959947571 0.2700713133444093 0.4542705239551258 0.03646925714578706 0.4907397811009129 
-0.32407446460691214 0.8448332106151604 0.05251212930512837 0.35687157687915994 0.4093837061842883 
0.5675255831125317 0.7352802072876315 0.16104264374360955 0.2703184916144712 0.43136113535808074 
0.9994299085108247 0.030150236057121194 0.4994300710129777 0.00045451836715006545 0.49988458938012775 
0.6217960080153497 -0.6994014263796573 0.19331513779191242 0.2445811776109496 0.437896315402862 
-0.25949265897255847 -0.8624379334489134 0.03366822003032426 0.37189959452581617 0.40556781455614044 
-0.9305922721926944 -0.3268997144245496 0.4330009885323809 0.05343171164542605 0.48643270017780693 
-0.8479121449367478 0.4734272732836994 0.35947750276561824 0.11206669154441928 0.4715441943100375 
-0.07842318028203554 0.8902781696321519 0.003075097602774324 0.3962976096617873 0.3993727072645616 
0.7545885604011255 0.5860037485785614 0.28470194774412155 0.17170019667406292 0.4564021444181845 
0.9763835671593749 -0.19293370882366384 0.4766624351094328 0.018611708000227153 0.49527414310965995 
0.4073078845185305 -0.8155948620787213 0.08294985639548029 0.3325974895246042 0.4155473459200845 
-0.4916871845823235 -0.7776241770500145 0.12087814374124595 0.3023496803663562 0.4232278241076021 
-0.9924156341714956 -0.10977790861079595 0.49244439547400587 0.0060255946094801335 0.498469990083486 
-0.6892874200817563 0.6469884658031675 0.23755857374148176 0.2092970374411682 0.44685561118264994 
0.17216360427420585 0.8796941829165652 0.014820153318342676 0.38693092772862164 0.40175108104696433 
0.8941621091680612 0.39984761186754497 0.3997629387359379 0.07993905635808944 0.47970199509402733 
0.8918893056357868 -0.40387552479418665 0.397733266753743 0.08155771976388984 0.4792909865176328 
0.1671861645385252 -0.880459486372627 0.01397560680655141 0.38760445357177514 0.40158006037832655 
-0.6929377698349418 -0.6438712639892396 0.2400813764319114 0.2072851022955505 0.44736647872746194 
-0.991782110642106 0.114252682225432 0.4918158774948553 0.006526837697852773 0.49834271519270806 
-0.4872829418291642 0.7798319558375036 0.11872233269884232 0.3040689396726731 0.4227912723715154 
0.41191540986540065 0.8137473452211973 0.08483715244229051 0.3310923709272732 0.41592952336956374 
0.977462279568991 0.18852738497572108 0.47771625399010414 0.017771287442891873 0.495487541432996 
0.7512647028216987 -0.5893997571000893 0.2821993268528876 0.17369603683482213 0.4558953636877098 
-0.08345728321116974 -0.8899130959248274 0.0034825590604946974 0.3959726591492555 0.3994552182097502 
-0.8505788698429907 -0.4695968270504552 0.3617422069116896 0.11026058998792757 0.4720027968996172 
-0.9287315719019891 0.33109287173478574 0.4312711663237698 0.054811244856793645 0.4860824111805634 
-0.2546117007203763 0.8635973444148501 0.03241355907186124 0.37290018664019065 0.40531374571205186 
0.6257436480447413 0.696587968118886 0.1957775565341705 0.2426173986639991 0.4383949551981696 
